 
100 
 
82 
 
185 
 
236 
 
212 
 
182 
 
231 
 
61 
 
119 
 
52 
 
151 
 
154 
 
174 
 
215 
 
111 
 
131 
 
133 
 
154 
 
135 
 
241 
 
143 
 
290 
 
356 
 
128 
 
122 
 
92 
 
133 
 
93 
 
225 
 
147 
 
213 
 
86 
 
54 
 
158 
 
225 
 
116 
 
162 
 
195 
 
142 
 
234 
 
205 
 
123 
 
101 
 
111 
 
169 
 
70 
 
168 
 
150 
 
93 
 
144 
 
154 
 
99 
 
75 
 
168 
 
134 
 
187 
 
126 
 
106 
 
83 
 
148 
 
142 
 
117 
 
114 
 
157 
 
102 
 
178 
 
115 
 
126 
 
90 
 
206 
 
17 
 
140 
 
116 
 
207 
 
210 
 
194 
 
36 
 
187 
 
102 
 
120 
 
177 
 
108 
 
136 
 
118 
 
66 
 
254 
 
122 
 
137 
 
97 
 
196 
 
226 
 
188 
 
171 
 
132 
 
122 
 
144 
 
46 
 
193 
 
179 
 
336 
 
125 
 
61 
 
303 
 
61 
 
153 
 
194 
 
270 
 
151 
 
195 
 
89 
 
150 
 
127 
 
76 
 
252 
 
321 
 
281 
 
114 
 
116 
 
352 
 
176 
 
42 
 
97 
 
180 
 
28 
 
148 
 
222 
 
256 
 
54 
 
196 
 
253 
 
138 
 
292 
 
182 
 
209 
 
226 
 
292 
 
195 
 
111 
 
162 
 
146 
 
116 
 
95 
 
211 
 
130 
 
87 
 
176 
 
143 
 
168 
 
155 
 
190 
 
111 
 
82 
 
211 
 
198 
 
111 
 
88 
 
132 
 
224 
 
106 
 
85 
 
78 
 
88 
 
210 
 
166 
 
200 
 
104 
 
232 
 
138 
 
331 
 
246 
 
148 
 
238 
 
136 
 
131 
 
94 
 
155 
 
58 
 
186 
 
201 
 
144 
 
59 
 
74 
 
154 
 
192 
 
119 
 
278 
 
166 
 
207 
 
239 
 
54 
 
82 
 
58 
 
93 
 
220 
 
92 
 
221 
 
114 
 
207 
 
119 
 
52 
 
337 
 
36 
 
132 
 
144 
 
98 
 
94 
 
85 
 
86 
 
102 
 
63 
 
95 
 
40 
 
290 
 
239 
 
235 
 
172 
 
267 
 
331 
 
221 
 
112 
 
268 
 
155 
 
230 
 
72 
 
90 
 
263 
 
347 
 
80 
 
170 
 
157 
 
196 
 
137 
 
173 
 
151 
 
199 
 
101 
 
170 
 
100 
 
120 
 
244 
 
93 
 
188 
 
100 
 
88 
 
58 
 
134 
 
204 
 
60 
 
141 
 
77 
 
201 
 
143 
 
48 
 
233 
 
136 
 
182 
 
150 
 
72 
 
156 
 
121 
 
132 
 
184 
 
300 
 
143 
 
68 
 
95 
 
56 
 
72 
 
161 
 
190 
 
208 
 
253 
 
68 
 
263 
 
192 
 
72 
 
140 
 
301 
 
231 
 
136 
 
305 
 
231 
 
193 
 
90 
 
151 
 
138 
 
208 
 
113 
 
188 
 
111 
 
70 
 
150 
 
72 
 
120 
 
153 
 
200 
 
194 
 
107 
 
68 
 
127 
 
93 
 
142 
 
226 
 
253 
 
140 
 
171 
 
231 
 
243 
 
151 
 
248 
 
224 
 
283 
 
144 
 
91 
 
114 
 
201 
 
63 
 
198 
 
141 
 
32 
 
216 
 
232 
 
79 
 
228 
 
21 
 
176 
 
179 
 
55 
 
184 
 
143 
 
82 
 
213 
 
61 
 
201 
 
81 
 
125 
 
108 
 
154 
 
51 
 
65 
 
104 
 
157 
 
102 
 
183 
 
181 
 
152 
 
200 
 
124 
 
138 
 
120 
 
101 
 
134 
 
176 
 
106 
 
139 
 
223 
 
91 
 
254 
 
227 
 
111 
 
160 
 
138 
 
121 
 
262 
 
277 
 
49 
 
117 
 
111 
 
249 
 
218 
 
212 
 
79 
 
94 
 
128 
 
159 
 
139 
 
202 
 
92 
 
155 
 
158 
 
143 
 
78 
 
21 
 
106 
 
43 
 
76 
 
106 
 
100 
 
73 
 
126 
 
190 
 
149 
 
68 
 
110 
 
208 
 
110 
 
100 
 
88 
 
99 
 
168 
 
56 
 
250 
 
225 
 
148 
 
67 
 
129 
 
126 
 
165 
 
94 
 
113 
 
91 
 
314 
 
144 
 
124 
 
130 
 
102 
 
100 
 
121 
 
58 
 
158 
 
87 
 
122 
 
121 
 
199 
 
79 
 
171 
 
208 
 
145 
 
70 
 
121 
 
171 
 
71 
 
156 
 
137 
 
209 
 
107 
 
104 
 
76 
 
129 
 
19 
 
193 
 
241 
 
180 
 
105 
 
41 
 
225 
 
127 
 
209 
 
75 
 
226 
 
145 
 
125 
 
210 
 
137 
 
106 
 
107 
 
141 
 
541 
 
147 
 
174 
 
102 
 
193 
 
369 
 
88 
 
392 
 
210 
 
250 
 
57 
 
126 
 
117 
 
88 
 
187 
 
159 
 
126 
 
261 
 
44 
 
164 
 
127 
 
170 
 
237 
 
194 
 
200 
 
247 
 
238 
 
121 
 
245 
 
189 
 
236 
 
143 
 
120 
 
181 
 
133 
 
106 
 
216 
 
192 
 
163 
 
144 
 
218 
 
164 
 
124 
 
103 
 
144 
 
76 
 
224 
 
161 
 
215 
 
210 
 
41 
 
161 
 
151 
 
89 
 
93 
 
62 
 
175 
 
235 
 
182 
 
115 
 
52 
 
96 
 
349 
 
243 
 
126 
 
134 
 
163 
 
187 
 
35 
 
68 
 
76 
 
98 
 
26 
 
261 
 
68 
 
132 
 
141 
 
246 
 
157 
 
95 
 
100 
 
166 
 
132 
 
177 
 
211 
 
215 
 
62 
 
149 
 
71 
 
42 
 
173 
 
198 
 
67 
 
147 
 
157 
 
252 
 
128 
 
187 
 
286 
 
134 
 
151 
 
109 
 
139 
 
238 
 
283 
 
126 
 
226 
 
217 
 
105 
 
128 
 
168 
 
20 
 
139 
 
124 
 
213 
 
285 
 
95 
 
176 
 
163 
 
97 
 
62 
 
57 
 
61 
 
34 
 
61 
 
95 
 
31 
 
24 
 
96 
 
201 
 
136 
 
166 
 
82 
 
153 
 
117 
 
99 
 
133 
 
157 
 
11 
 
267 
 
224 
 
268 
 
297 
 
279 
 
179 
 
62 
 
236 
 
128 
 
183 
 
190 
 
210 
 
234 
 
171 
 
190 
 
15 
 
204 
 
47 
 
26 
 
115 
 
218 
 
53 
 
227 
 
79 
 
50 
 
165 
 
74 
 
31 
 
181 
 
177 
 
144 
 
49 
 
243 
 
129 
 
72 
 
100 
 
107 
 
240 
 
128 
 
262 
 
119 
 
195 
 
120 
 
119 
 
151 
 
191 
 
131 
 
209 
 
131 
 
50 
 
184 
 
100 
 
103 
 
195 
 
107 
 
355 
 
98 
 
117 
 
255 
 
181 
 
164 
 
128 
 
243 
 
278 
 
275 
 
134 
 
84 
 
108 
 
113 
 
240 
 
159 
 
138 
 
192 
 
116 
 
180 
 
214 
 
101 
 
94 
 
176 
 
182 
 
54 
 
191 
 
73 
 
78 
 
77 
 
137 
 
155 
 
106 
 
72 
 
95 
 
147 
 
172 
 
122 
 
150 
 
66 
 
46 
 
55 
 
133 
 
446 
 
224 
 
143 
 
167 
 
86 
 
195 
 
64 
 
114 
 
201 
 
198 
 
104 
 
184 
 
131 
 
87 
 
236 
 
233 
 
143 
 
138 
 
223 
 
191 
 
61 
 
348 
 
111 
 
133 
 
263 
 
224 
 
187 
 
101 
 
311 
 
108 
 
123 
 
105 
 
100 
 
64 
 
96 
 
299 
 
174 
 
154 
 
151 
 
139 
 
40 
 
83 
 
179 
 
94 
 
216 
 
249 
 
220 
 
140 
 
126 
 
153 
 
223 
 
136 
 
86 
 
84 
 
105 
 
104 
 
31 
 
56 
 
133 
 
121 
 
89 
 
179 
 
104 
 
128 
 
218 
 
107 
 
261 
 
192 
 
102 
 
85 
 
67 
 
78 
 
244 
 
164 
 
47 
 
73 
 
100 
 
65 
 
74 
 
226 
 
252 
 
143 
 
126 
 
63 
 
13 
 
31 
 
66 
 
75 
 
164 
 
137 
 
27 
 
88 
 
46 
 
60 
 
213 
 
165 
 
132 
 
154 
 
237 
 
169 
 
53 
 
242 
 
88 
 
62 
 
119 
 
109 
 
133 
 
69 
 
52 
 
97 
 
137 
 
167 
 
113 
 
51 
 
193 
 
39 
 
198 
 
105 
 
209 
 
164 
 
69 
 
201 
 
120 
 
244 
 
116 
 
101 
 
162 
 
286 
 
153 
 
428 
 
178 
 
314 
 
120 
 
165 
 
218 
 
129 
 
62 
 
92 
 
207 
 
71 
 
93 
 
335 
 
190 
 
418 
 
68 
 
36 
 
289 
 
152 
 
212 
 
160 
 
101 
 
29 
 
181 
 
157 
 
143 
 
185 
 
157 
 
85 
 
61 
 
169 
 
244 
 
195 
 
167 
 
172 
 
250 
 
178 
 
297 
 
127 
 
270 
 
207 
 
195 
 
164 
 
118 
 
136 
 
247 
 
111 
 
231 
 
173 
 
128 
 
92 
 
229 
 
145 
 
288 
 
140 
 
221 
 
104 
 
80 
 
101 
 
118 
 
93 
 
118 
 
101 
 
277 
 
37 
 
96 
 
299 
 
196 
 
217 
 
88 
 
197 
 
158 
 
141 
 
110 
 
28 
 
199 
 
186 
 
125 
 
133 
 
132 
 
253 
 
188 
 
64 
 
181 
 
140 
 
205 
 
107 
 
119 
 
145 
 
285 
 
38 
 
130 
 
199 
 
312 
 
71 
 
162 
 
130 
 
208 
 
274 
 
305 
 
180 
 
217 
 
192 
 
127 
 
75 
 
200 
 
326 
 
142 
 
101 
 
193 
 
145 
 
157 
 
147 
 
363 
 
204 
 
204 
 
114 
 
286 
 
108 
 
204 
 
180 
 
147 
 
109 
 
139 
 
109 
 
196 
 
65 
 
161 
 
149 
 
80 
 
215 
 
143 
 
89 
 
53 
 
102 
 
105 
 
177 
 
121 
 
69 
 
228 
 
130 
 
171 
 
89 
 
167 
 
93 
 
152 
 
161 
 
104 
 
174 
 
154 
 
27 
 
198 
 
256 
 
110 
 
213 
 
226 
 
92 
 
302 
 
213 
 
290 
 
213 
 
135 
 
143 
 
38 
 
196 
 
350 
 
78 
 
53 
 
30 
 
137 
 
219 
 
65 
 
209 
 
189 
 
31 
 
163 
 
303 
 
204 
 
153 
 
127 
 
67 
 
134 
 
127 
 
112 
 
224 
 
129 
 
147 
 
252 
 
61 
 
203 
 
154 
 
267 
 
93 
 
84 
 
195 
 
96 
 
171 
 
199 
 
128 
 
206 
 
144 
 
143 
 
240 
 
99 
 
140 
 
126 
 
163 
 
118 
 
141 
 
69 
 
9 
 
151 
 
31 
 
103 
 
4 
 
207 
 
81 
 
195 
 
101 
 
198 
 
117 
 
133 
 
147 
 
235 
 
2 
 
36 
 
163 
 
27 
 
27 
 
216 
 
191 
 
332 
 
219 
 
116 
 
155 
 
61 
 
149 
 
81 
 
60 
 
150 
 
159 
 
81 
 
318 
 
57 
 
68 
 
106 
 
151 
 
57 
 
246 
 
143 
 
318 
 
277 
 
417 
 
211 
 
124 
 
192 
 
71 
 
140 
 
338 
 
226 
 
297 
 
319 
 
76 
 
157 
 
224 
 
252 
 
142 
 
220 
 
278 
 
85 
 
129 
 
61 
 
92 
 
230 
 
149 
 
145 
 
173 
 
258 
 
195 
 
55 
 
106 
 
86 
 
184 
 
158 
 
228 
 
147 
 
67 
 
209 
 
164 
 
100 
 
17 
 
172 
 
111 
 
95 
 
154 
 
106 
 
238 
 
94 
 
112 
 
211 
 
247 
 
198 
 
137 
 
182 
 
139 
 
151 
 
236 
 
123 
 
165 
 
106 
 
185 
 
118 
 
134 
 
129 
 
252 
 
150 
 
391 
 
184 
 
64 
 
148 
 
96 
 
66 
 
154 
 
139 
 
172 
 
200 
 
14 
 
24 
 
219 
 
238 
 
108 
 
193 
 
75 
 
16 
 
161 
 
74 
 
12 
 
218 
 
129 
 
18 
 
88 
 
151 
 
185 
 
23 
 
137 
 
14 
 
143 
 
31 
 
215 
 
236 
 
157 
 
161 
 
82 
 
234 
 
116 
 
114 
 
82 
 
93 
 
196 
 
267 
 
203 
 
265 
 
267 
 
104 
 
150 
 
99 
 
124 
 
210 
 
129 
 
192 
 
79 
 
268 
 
210 
 
235 
 
272 
 
196 
 
73 
 
211 
 
59 
 
180 
 
101 
 
252 
 
109 
 
117 
 
85 
 
238 
 
136 
 
111 
 
181 
 
138 
 
124 
 
78 
 
141 
 
225 
 
79 
 
168 
 
127 
 
234 
 
220 
 
167 
 
180 
 
241 
 
208 
 
44 
 
121 
 
255 
 
253 
 
191 
 
195 
 
115 
 
81 
 
193 
 
108 
 
54 
 
205 
 
75 
 
131 
 
141 
 
201 
 
301 
 
250 
 
201 
 
168 
 
107 
 
124 
 
253 
 
469 
 
83 
 
115 
 
256 
 
69 
 
196 
 
112 
 
173 
 
90 
 
116 
 
27 
 
181 
 
81 
 
78 
 
86 
 
209 
 
107 
 
111 
 
184 
 
155 
 
174 
 
95 
 
91 
 
247 
 
101 
 
59 
 
206 
 
207 
 
411 
 
171 
 
262 
 
57 
 
189 
 
139 
 
263 
 
97 
 
180 
 
131 
 
85 
 
120 
 
129 
 
111 
 
303 
 
122 
 
162 
 
168 
 
118 
 
307 
 
168 
 
81 
 
64 
 
199 
 
180 
 
120 
 
194 
 
112 
 
200 
 
171 
 
223 
 
201 
 
114 
 
145 
 
255 
 
191 
 
72 
 
108 
 
85 
 
180 
 
183 
 
184 
 
242 
 
102 
 
173 
 
77 
 
186 
 
76 
 
214 
 
134 
 
66 
 
66 
 
97 
 
220 
 
221 
 
211 
 
109 
 
222 
 
316 
 
89 
 
137 
 
114 
 
99 
 
98 
 
97 
 
117 
 
31 
 
210 
 
156 
 
114 
 
205 
 
247 
 
100 
 
31 
 
172 
 
135 
 
58 
 
132 
 
128 
 
113 
 
94 
 
209 
 
151 
 
203 
 
63 
 
150 
 
194 
 
29 
 
61 
 
56 
 
26 
 
131 
 
30 
 
20 
 
150 
 
235 
 
107 
 
140 
 
31 
 
158 
 
87 
 
220 
 
200 
 
110 
 
72 
 
163 
 
216 
 
26 
 
205 
 
135 
 
54 
 
76 
 
92 
 
43 
 
221 
 
242 
 
337 
 
143 
 
147 
 
269 
 
147 
 
113 
 
222 
 
110 
 
248 
 
187 
 
162 
 
55 
 
214 
 
265 
 
277 
 
161 
 
83 
 
136 
 
216 
 
167 
 
90 
 
137 
 
316 
 
324 
 
106 
 
93 
 
67 
 
280 
 
249 
 
220 
 
409 
 
205 
 
160 
 
69 
 
211 
 
87 
 
346 
 
313 
 
141 
 
68 
 
51 
 
186 
 
177 
 
59 
 
187 
 
91 
 
156 
 
63 
 
157 
 
132 
 
148 
 
89 
 
71 
 
37 
 
57 
 
191 
 
100 
 
123 
 
200 
 
230 
 
96 
 
195 
 
93 
 
76 
 
157 
 
178 
 
205 
 
147 
 
228 
 
76 
 
120 
 
253 
 
201 
 
120 
 
158 
 
125 
 
159 
 
266 
 
212 
 
86 
 
79 
 
111 
 
60 
 
206 
 
184 
 
38 
 
218 
 
174 
 
133 
 
76 
 
122 
 
246 
 
157 
 
190 
 
130 
 
216 
 
121 
 
212 
 
113 
 
78 
 
104 
 
70 
 
69 
 
256 
 
172 
 
92 
 
105 
 
172 
 
161 
 
151 
 
132 
 
57 
 
51 
 
83 
 
176 
 
95 
 
75 
 
179 
 
190 
 
155 
 
157 
 
314 
 
228 
 
135 
 
45 
 
271 
 
111 
 
216 
 
197 
 
43 
 
209 
 
102 
 
34 
 
178 
 
127 
 
120 
 
134 
 
193 
 
246 
 
246 
 
192 
 
137 
 
66 
 
196 
 
109 
 
121 
 
139 
 
190 
 
137 
 
35 
 
97 
 
227 
 
108 
 
171 
 
141 
 
158 
 
81 
 
41 
 
159 
 
7 
 
204 
 
188 
 
80 
 
116 
 
53 
 
28 
 
32 
 
42 
 
30 
 
159 
 
97 
 
171 
 
117 
 
123 
 
36 
 
26 
 
21 
 
193 
 
263 
 
98 
 
67 
 
115 
 
161 
 
136 
 
194 
 
46 
 
148 
 
225 
 
191 
 
293 
 
160 
 
150 
 
315 
 
229 
 
256 
 
143 
 
303 
 
227 
 
89 
 
295 
 
94 
 
113 
 
155 
 
263 
 
94 
 
347 
 
243 
 
219 
 
192 
 
221 
 
140 
 
132 
 
161 
 
92 
 
221 
 
295 
 
175 
 
169 
 
153 
 
44 
 
21 
 
238 
 
134 
 
154 
 
186 
 
211 
 
70 
 
45 
 
290 
 
135 
 
137 
 
184 
 
47 
 
200 
 
72 
 
203 
 
210 
 
199 
 
159 
 
74 
 
165 
 
88 
 
165 
 
240 
 
149 
 
194 
 
208 
 
169 
 
249 
 
135 
 
184 
 
71 
 
117 
 
182 
 
51 
 
194 
 
258 
 
141 
 
122 
 
99 
 
142 
 
98 
 
164 
 
175 
 
143 
 
87 
 
102 
 
188 
 
225 
 
133 
 
82 
 
126 
 
144 
 
120 
 
109 
 
176 
 
49 
 
359 
 
231 
 
245 
 
302 
 
157 
 
57 
 
155 
 
122 
 
137 
 
147 
 
138 
 
184 
 
249 
 
112 
 
80 
 
162 
 
168 
 
155 
 
127 
 
202 
 
141 
 
240 
 
188 
 
186 
 
75 
 
94 
 
135 
 
166 
 
46 
 
8 
 
190 
 
94 
 
93 
 
227 
 
94 
 
140 
 
242 
 
198 
 
159 
 
231 
 
95 
 
93 
 
54 
 
132 
 
166 
 
282 
 
197 
 
137 
 
198 
 
181 
 
137 
 
117 
 
217 
 
174 
 
276 
 
179 
 
161 
 
173 
 
367 
 
30 
 
263 
 
47 
 
76 
 
313 
 
282 
 
46 
 
192 
 
234 
 
194 
 
68 
 
217 
 
133 
 
72 
 
71 
 
282 
 
107 
 
248 
 
132 
 
161 
 
254 
 
214 
 
101 
 
146 
 
253 
 
186 
 
265 
 
227 
 
161 
 
67 
 
204 
 
246 
 
87 
 
313 
 
110 
 
209 
 
228 
 
169 
 
135 
 
96 
 
45 
 
205 
 
103 
 
151 
 
51 
 
215 
 
196 
 
78 
 
86 
 
199 
 
161 
 
199 
 
150 
 
164 
 
152 
 
34 
 
258 
 
62 
 
131 
 
129 
 
57 
 
51 
 
97 
 
62 
 
121 
 
124 
 
138 
 
270 
 
381 
 
18 
 
343 
 
182 
 
141 
 
153 
 
160 
 
172 
 
94 
 
109 
 
42 
 
248 
 
114 
 
272 
 
80 
 
106 
 
74 
 
222 
 
79 
 
77 
 
92 
 
256 
 
67 
 
103 
 
220 
 
176 
 
64 
 
69 
 
180 
 
138 
 
59 
 
166 
 
83 
 
237 
 
108 
 
267 
 
201 
 
174 
 
158 
 
225 
 
135 
 
170 
 
97 
 
132 
 
236 
 
44 
 
150 
 
109 
 
581 
 
383 
 
166 
 
86 
 
487 
 
529 
 
329 
 
175 
 
238 
 
1324 
 
96 
 
41 
 
151 
 
156 
 
156 
 
242 
 
177 
 
69 
 
119 
 
311 
 
175 
 
107 
 
282 
 
182 
 
30 
 
307 
 
242 
 
100 
 
99 
 
133 
 
229 
 
180 
 
322 
 
45 
 
82 
 
201 
 
60 
 
130 
 
71 
 
89 
 
69 
 
137 
 
164 
 
228 
 
308 
 
57 
 
158 
 
118 
 
89 
 
166 
 
135 
 
196 
 
152 
 
198 
 
156 
 
249 
 
276 
 
218 
 
97 
 
95 
 
140 
 
80 
 
242 
 
213 
 
135 
 
262 
 
148 
 
154 
 
270 
 
82 
 
173 
 
397 
 
207 
 
127 
 
140 
 
107 
